    0.9980,
    1.9961,
    2.9941,
    3.9922,
    4.9902,
    5.9883,
    6.9863,
    7.9844,
    8.9824,
    9.9805,
   10.9785,
   11.9766,
   12.9746,
   13.9727,
   14.9707,
   15.9688,
   16.9668,
   17.9648,
   18.9629,
   19.9609,
   20.9590,
   21.9570,
   22.9551,
   23.9531,
   24.9512,
   25.9492,
   26.9473,
   27.9453,
   28.9434,
   29.9414,
   30.9395,
   31.9375,
   32.9355,
   33.9336,
   34.9316,
   35.9297,
   36.9277,
   37.9258,
   38.9238,
   39.9219,
   40.9199,
   41.9180,
   42.9160,
   43.9141,
   44.9121,
   45.9102,
   46.9082,
   47.9062,
   48.9043,
   49.9023,
   50.9004,
   51.8984,
   52.8965,
   53.8945,
   54.8926,
   55.8906,
   56.8887,
   57.8867,
   58.8848,
   59.8828,
   60.8809,
   61.8789,
   62.8770,
   63.8750,
   64.8730,
   65.8711,
   66.8691,
   67.8672,
   68.8652,
   69.8633,
   70.8613,
   71.8594,
   72.8574,
   73.8555,
   74.8535,
   75.8516,
   76.8496,
   77.8477,
   78.8457,
   79.8438,
   80.8418,
   81.8398,
   82.8379,
   83.8359,
   84.8340,
   85.8320,
   86.8301,
   87.8281,
   88.8262,
   89.8242,
   90.8223,
   91.8203,
   92.8184,
   93.8164,
   94.8145,
   95.8125,
   96.8105,
   97.8086,
   98.8066,
   99.8047,
  100.8027,
  101.8008,
  102.7988,
  103.7969,
  104.7949,
  105.7930,
  106.7910,
  107.7891,
  108.7871,
  109.7852,
  110.7832,
  111.7812,
  112.7793,
  113.7773,
  114.7754,
  115.7734,
  116.7715,
  117.7695,
  118.7676,
  119.7656,
  120.7637,
  121.7617,
  122.7598,
  123.7578,
  124.7559,
  125.7539,
  126.7520,
  127.7500,
  128.7480,
  129.7461,
  130.7441,
  131.7422,
  132.7402,
  133.7383,
  134.7363,
  135.7344,
  136.7324,
  137.7305,
  138.7285,
  139.7266,
  140.7246,
  141.7227,
  142.7207,
  143.7188,
  144.7168,
  145.7148,
  146.7129,
  147.7109,
  148.7090,
  149.7070,
  150.7051,
  151.7031,
  152.7012,
  153.6992,
  154.6973,
  155.6953,
  156.6934,
  157.6914,
  158.6895,
  159.6875,
  160.6855,
  161.6836,
  162.6816,
  163.6797,
  164.6777,
  165.6758,
  166.6738,
  167.6719,
  168.6699,
  169.6680,
  170.6660,
  171.6641,
  172.6621,
  173.6602,
  174.6582,
  175.6562,
  176.6543,
  177.6523,
  178.6504,
  179.6484,
  180.6465,
  181.6445,
  182.6426,
  183.6406,
  184.6387,
  185.6367,
  186.6348,
  187.6328,
  188.6309,
  189.6289,
  190.6270,
  191.6250,
  192.6230,
  193.6211,
  194.6191,
  195.6172,
  196.6152,
  197.6133,
  198.6113,
  199.6094,
  200.6074,
  201.6055,
  202.6035,
  203.6016,
  204.5996,
  205.5977,
  206.5957,
  207.5938,
  208.5918,
  209.5898,
  210.5879,
  211.5859,
  212.5840,
  213.5820,
  214.5801,
  215.5781,
  216.5762,
  217.5742,
  218.5723,
  219.5703,
  220.5684,
  221.5664,
  222.5645,
  223.5625,
  224.5605,
  225.5586,
  226.5566,
  227.5547,
  228.5527,
  229.5508,
  230.5488,
  231.5469,
  232.5449,
  233.5430,
  234.5410,
  235.5391,
  236.5371,
  237.5352,
  238.5332,
  239.5312,
  240.5293,
  241.5273,
  242.5254,
  243.5234,
  244.5215,
  245.5195,
  246.5176,
  247.5156,
  248.5137,
  249.5117,
  250.5098,
  251.5078,
  252.5059,
  253.5039,
  254.5020,
  255.5000,
  256.4980,
  257.4961,
  258.4941,
  259.4922,
  260.4902,
  261.4883,
  262.4863,
  263.4844,
  264.4824,
  265.4805,
  266.4785,
  267.4766,
  268.4746,
  269.4727,
  270.4707,
  271.4688,
  272.4668,
  273.4648,
  274.4629,
  275.4609,
  276.4590,
  277.4570,
  278.4551,
  279.4531,
  280.4512,
  281.4492,
  282.4473,
  283.4453,
  284.4434,
  285.4414,
  286.4395,
  287.4375,
  288.4355,
  289.4336,
  290.4316,
  291.4297,
  292.4277,
  293.4258,
  294.4238,
  295.4219,
  296.4199,
  297.4180,
  298.4160,
  299.4141,
  300.4121,
  301.4102,
  302.4082,
  303.4062,
  304.4043,
  305.4023,
  306.4004,
  307.3984,
  308.3965,
  309.3945,
  310.3926,
  311.3906,
  312.3887,
  313.3867,
  314.3848,
  315.3828,
  316.3809,
  317.3789,
  318.3770,
  319.3750,
  320.3730,
  321.3711,
  322.3691,
  323.3672,
  324.3652,
  325.3633,
  326.3613,
  327.3594,
  328.3574,
  329.3555,
  330.3535,
  331.3516,
  332.3496,
  333.3477,
  334.3457,
  335.3438,
  336.3418,
  337.3398,
  338.3379,
  339.3359,
  340.3340,
  341.3320,
  342.3301,
  343.3281,
  344.3262,
  345.3242,
  346.3223,
  347.3203,
  348.3184,
  349.3164,
  350.3145,
  351.3125,
  352.3105,
  353.3086,
  354.3066,
  355.3047,
  356.3027,
  357.3008,
  358.2988,
  359.2969,
  360.2949,
  361.2930,
  362.2910,
  363.2891,
  364.2871,
  365.2852,
  366.2832,
  367.2812,
  368.2793,
  369.2773,
  370.2754,
  371.2734,
  372.2715,
  373.2695,
  374.2676,
  375.2656,
  376.2637,
  377.2617,
  378.2598,
  379.2578,
  380.2559,
  381.2539,
  382.2520,
  383.2500,
  384.2480,
  385.2461,
  386.2441,
  387.2422,
  388.2402,
  389.2383,
  390.2363,
  391.2344,
  392.2324,
  393.2305,
  394.2285,
  395.2266,
  396.2246,
  397.2227,
  398.2207,
  399.2188,
  400.2168,
  401.2148,
  402.2129,
  403.2109,
  404.2090,
  405.2070,
  406.2051,
  407.2031,
  408.2012,
  409.1992,
  410.1973,
  411.1953,
  412.1934,
  413.1914,
  414.1895,
  415.1875,
  416.1855,
  417.1836,
  418.1816,
  419.1797,
  420.1777,
  421.1758,
  422.1738,
  423.1719,
  424.1699,
  425.1680,
  426.1660,
  427.1641,
  428.1621,
  429.1602,
  430.1582,
  431.1562,
  432.1543,
  433.1523,
  434.1504,
  435.1484,
  436.1465,
  437.1445,
  438.1426,
  439.1406,
  440.1387,
  441.1367,
  442.1348,
  443.1328,
  444.1309,
  445.1289,
  446.1270,
  447.1250,
  448.1230,
  449.1211,
  450.1191,
  451.1172,
  452.1152,
  453.1133,
  454.1113,
  455.1094,
  456.1074,
  457.1055,
  458.1035,
  459.1016,
  460.0996,
  461.0977,
  462.0957,
  463.0938,
  464.0918,
  465.0898,
  466.0879,
  467.0859,
  468.0840,
  469.0820,
  470.0801,
  471.0781,
  472.0762,
  473.0742,
  474.0723,
  475.0703,
  476.0684,
  477.0664,
  478.0645,
  479.0625,
  480.0605,
  481.0586,
  482.0566,
  483.0547,
  484.0527,
  485.0508,
  486.0488,
  487.0469,
  488.0449,
  489.0430,
  490.0410,
  491.0391,
  492.0371,
  493.0352,
  494.0332,
  495.0312,
  496.0293,
  497.0273,
  498.0254,
  499.0234,
  500.0215,
  501.0195,
  502.0176,
  503.0156,
  504.0137,
  505.0117,
  506.0098,
  507.0078,
  508.0059,
  509.0039,
  510.0020,
  511.0000,
63
